V 54
K 1
D 0 -2794000 4064000 0
Y 1
U 3683000 762000 254000 0 2 3 REFDES=IC?
U 3683000 508000 254000 0 2 3 DEVICE=LSM9DS1TR
U 3683000 254000 254000 0 2 0 PKG_TYPE=LGA-24L(3X3.5X1MM)
U 3683000 0 254000 0 2 0 Description=iNEMO Inertial 3D Accel/Gyro/Magn. LGA24 STMicroelectronics LSM9DS1TR 3-Axis Accelerometer, Gyroscope & Magnetometer, 0  400 kHz, 1.9  3.6 V
U 3683000 -254000 254000 0 2 0 Datasheet Link=http://www.st.com/content/ccc/resource/technical/document/datasheet/1e/3f/2a/d6/25/eb/48/46/DM00103319.pdf/files/DM00103319.pdf/jcr:content/translations/en.DM00103319.pdf
U 3683000 -508000 254000 0 2 0 Height=
U 3683000 -762000 254000 0 2 0 Farnell Part Number=
U 3683000 -1016000 254000 0 2 0 Farnell Price/Stock=
U 3683000 -1270000 254000 0 2 0 Manufacturer_Name=STMicroelectronics
U 3683000 -1524000 254000 0 2 0 Manufacturer_Part_Number=LSM9DS1TR
U 0 0 254000 0 1 0 FORWARD_PCB=1
l 5 508000 254000 3556000 254000 3556000 -3048000 508000 -3048000 508000 254000
|GRPHSTL -1 -1 -1 1
P 1 0 0 508000 0 0 2 0
L 584200 0 228600 0 2 0 1 0 VDDIO_1
A 355600 50800 203200 0 9 3 #=1
A 0 0 9 0 3 0 PINTYPE=POWER
P 2 0 -254000 508000 -254000 0 2 0
L 584200 -254000 228600 0 2 0 1 0 SCL/SPC
A 355600 -203200 203200 0 9 3 #=2
A 0 0 9 0 3 0 PINTYPE=OUT
P 3 0 -508000 508000 -508000 0 2 0
L 584200 -508000 228600 0 2 0 1 0 VDDIO_2
A 355600 -457200 203200 0 9 3 #=3
A 0 0 9 0 3 0 PINTYPE=POWER
P 4 0 -762000 508000 -762000 0 2 0
L 584200 -762000 228600 0 2 0 1 0 SDA/SDI/SDO
A 355600 -711200 203200 0 9 3 #=4
A 0 0 9 0 3 0 PINTYPE=BI
P 5 0 -1016000 508000 -1016000 0 2 0
L 584200 -1016000 228600 0 2 0 1 0 SDO_A/G
A 355600 -965200 203200 0 9 3 #=5
A 0 0 9 0 3 0 PINTYPE=OUT
P 6 0 -1270000 508000 -1270000 0 2 0
L 584200 -1270000 228600 0 2 0 1 0 SDO_M
A 355600 -1219200 203200 0 9 3 #=6
A 0 0 9 0 3 0 PINTYPE=OUT
P 7 0 -1524000 508000 -1524000 0 2 0
L 584200 -1524000 228600 0 2 0 1 0 CS_A/G
A 355600 -1473200 203200 0 9 3 #=7
A 0 0 9 0 3 0 PINTYPE=BI
P 8 0 -1778000 508000 -1778000 0 2 0
L 584200 -1778000 228600 0 2 0 1 0 CS_M
A 355600 -1727200 203200 0 9 3 #=8
A 0 0 9 0 3 0 PINTYPE=BI
P 9 0 -2032000 508000 -2032000 0 2 0
L 584200 -2032000 228600 0 2 0 1 0 DRDY_M
A 355600 -1981200 203200 0 9 3 #=9
A 0 0 9 0 3 0 PINTYPE=BI
P 10 0 -2286000 508000 -2286000 0 2 0
L 584200 -2286000 228600 0 2 0 1 0 INT_M
A 355600 -2235200 203200 0 9 3 #=10
A 0 0 9 0 3 0 PINTYPE=BI
P 11 0 -2540000 508000 -2540000 0 2 0
L 584200 -2540000 228600 0 2 0 1 0 INT1_A/G
A 355600 -2489200 203200 0 9 3 #=11
A 0 0 9 0 3 0 PINTYPE=BI
P 12 0 -2794000 508000 -2794000 0 2 0
L 584200 -2794000 228600 0 2 0 1 0 INT2_A/G
A 355600 -2743200 203200 0 9 3 #=12
A 0 0 9 0 3 0 PINTYPE=BI
P 13 4064000 0 3556000 0 0 3 0
L 3479800 0 228600 0 8 0 1 0 DEN_A/G
A 3708400 50800 203200 0 3 3 #=13
A 0 0 9 0 3 0 PINTYPE=BI
P 14 4064000 -254000 3556000 -254000 0 3 0
L 3479800 -254000 228600 0 8 0 1 0 RES_1
A 3708400 -203200 203200 0 3 3 #=14
A 0 0 9 0 3 0 PINTYPE=GROUND
P 15 4064000 -508000 3556000 -508000 0 3 0
L 3479800 -508000 228600 0 8 0 1 0 RES_2
A 3708400 -457200 203200 0 3 3 #=15
A 0 0 9 0 3 0 PINTYPE=GROUND
P 16 4064000 -762000 3556000 -762000 0 3 0
L 3479800 -762000 228600 0 8 0 1 0 RES_3
A 3708400 -711200 203200 0 3 3 #=16
A 0 0 9 0 3 0 PINTYPE=GROUND
P 17 4064000 -1016000 3556000 -1016000 0 3 0
L 3479800 -1016000 228600 0 8 0 1 0 RES_4
A 3708400 -965200 203200 0 3 3 #=17
A 0 0 9 0 3 0 PINTYPE=GROUND
P 18 4064000 -1270000 3556000 -1270000 0 3 0
L 3479800 -1270000 228600 0 8 0 1 0 RES_5
A 3708400 -1219200 203200 0 3 3 #=18
A 0 0 9 0 3 0 PINTYPE=GROUND
P 19 4064000 -1524000 3556000 -1524000 0 3 0
L 3479800 -1524000 228600 0 8 0 1 0 GND_1
A 3708400 -1473200 203200 0 3 3 #=19
A 0 0 9 0 3 0 PINTYPE=GROUND
P 20 4064000 -1778000 3556000 -1778000 0 3 0
L 3479800 -1778000 228600 0 8 0 1 0 GND_2
A 3708400 -1727200 203200 0 3 3 #=20
A 0 0 9 0 3 0 PINTYPE=GROUND
P 21 4064000 -2032000 3556000 -2032000 0 3 0
L 3479800 -2032000 228600 0 8 0 1 0 CAP
A 3708400 -1981200 203200 0 3 3 #=21
A 0 0 9 0 3 0 PINTYPE=GROUND
P 22 4064000 -2286000 3556000 -2286000 0 3 0
L 3479800 -2286000 228600 0 8 0 1 0 VDD_1
A 3708400 -2235200 203200 0 3 3 #=22
A 0 0 9 0 3 0 PINTYPE=POWER
P 23 4064000 -2540000 3556000 -2540000 0 3 0
L 3479800 -2540000 228600 0 8 0 1 0 VDD_2
A 3708400 -2489200 203200 0 3 3 #=23
A 0 0 9 0 3 0 PINTYPE=POWER
P 24 4064000 -2794000 3556000 -2794000 0 3 0
L 3479800 -2794000 228600 0 8 0 1 0 C1
A 3708400 -2743200 203200 0 3 3 #=24
A 0 0 9 0 3 0 PINTYPE=BI
E
