V 54
K 1
D 0 -2032000 4064000 0
Y 1
U 3683000 762000 254000 0 2 3 REFDES=IC?
U 3683000 508000 254000 0 2 3 DEVICE=TESEO-LIV3F
U 3683000 254000 254000 0 2 0 PKG_TYPE=SON110P970X1010X230-18N
U 3683000 0 254000 0 2 0 Description=GPS Modules Tiny GNSS module
U 3683000 -254000 254000 0 2 0 Datasheet Link=https://www.st.com/resource/en/datasheet/teseo-liv3f.pdf
U 3683000 -508000 254000 0 2 0 Height=2.3
U 3683000 -762000 254000 0 2 0 Farnell Part Number=
U 3683000 -1016000 254000 0 2 0 Farnell Price/Stock=
U 3683000 -1270000 254000 0 2 0 Manufacturer_Name=STMicroelectronics
U 3683000 -1524000 254000 0 2 0 Manufacturer_Part_Number=TESEO-LIV3F
U 0 0 254000 0 1 0 FORWARD_PCB=1
l 5 508000 254000 3556000 254000 3556000 -2286000 508000 -2286000 508000 254000
|GRPHSTL -1 -1 -1 1
P 1 0 0 508000 0 0 2 0
L 584200 0 228600 0 2 0 1 0 GND
A 355600 50800 203200 0 9 3 #=1
A 0 0 9 0 3 0 PINTYPE=BI
P 2 0 -254000 508000 -254000 0 2 0
L 584200 -254000 228600 0 2 0 1 0 TX
A 355600 -203200 203200 0 9 3 #=2
A 0 0 9 0 3 0 PINTYPE=BI
P 3 0 -508000 508000 -508000 0 2 0
L 584200 -508000 228600 0 2 0 1 0 RX
A 355600 -457200 203200 0 9 3 #=3
A 0 0 9 0 3 0 PINTYPE=BI
P 4 0 -762000 508000 -762000 0 2 0
L 584200 -762000 228600 0 2 0 1 0 1PPS
A 355600 -711200 203200 0 9 3 #=4
A 0 0 9 0 3 0 PINTYPE=BI
P 5 0 -1016000 508000 -1016000 0 2 0
L 584200 -1016000 228600 0 2 0 1 0 WAKE-UP
A 355600 -965200 203200 0 9 3 #=5
A 0 0 9 0 3 0 PINTYPE=BI
P 6 0 -1270000 508000 -1270000 0 2 0
L 584200 -1270000 228600 0 2 0 1 0 VBATT
A 355600 -1219200 203200 0 9 3 #=6
A 0 0 9 0 3 0 PINTYPE=BI
P 7 0 -1524000 508000 -1524000 0 2 0
L 584200 -1524000 228600 0 2 0 1 0 VCC_IO
A 355600 -1473200 203200 0 9 3 #=7
A 0 0 9 0 3 0 PINTYPE=BI
P 8 0 -1778000 508000 -1778000 0 2 0
L 584200 -1778000 228600 0 2 0 1 0 VCC
A 355600 -1727200 203200 0 9 3 #=8
A 0 0 9 0 3 0 PINTYPE=BI
P 9 0 -2032000 508000 -2032000 0 2 0
L 584200 -2032000 228600 0 2 0 1 0 SYS_RSTN
A 355600 -1981200 203200 0 9 3 #=9
A 0 0 9 0 3 0 PINTYPE=BI
P 10 4064000 0 3556000 0 0 3 0
L 3479800 0 228600 0 8 0 1 0 RESERVED_2
A 3708400 50800 203200 0 3 3 #=18
A 0 0 9 0 3 0 PINTYPE=BI
P 11 4064000 -254000 3556000 -254000 0 3 0
L 3479800 -254000 228600 0 8 0 1 0 SCL
A 3708400 -203200 203200 0 3 3 #=17
A 0 0 9 0 3 0 PINTYPE=BI
P 12 4064000 -508000 3556000 -508000 0 3 0
L 3479800 -508000 228600 0 8 0 1 0 SDA
A 3708400 -457200 203200 0 3 3 #=16
A 0 0 9 0 3 0 PINTYPE=BI
P 13 4064000 -762000 3556000 -762000 0 3 0
L 3479800 -762000 228600 0 8 0 1 0 RESERVED_1
A 3708400 -711200 203200 0 3 3 #=15
A 0 0 9 0 3 0 PINTYPE=BI
P 14 4064000 -1016000 3556000 -1016000 0 3 0
L 3479800 -1016000 228600 0 8 0 1 0 VCC_RF
A 3708400 -965200 203200 0 3 3 #=14
A 0 0 9 0 3 0 PINTYPE=BI
P 15 4064000 -1270000 3556000 -1270000 0 3 0
L 3479800 -1270000 228600 0 8 0 1 0 ANT_OFF
A 3708400 -1219200 203200 0 3 3 #=13
A 0 0 9 0 3 0 PINTYPE=BI
P 16 4064000 -1524000 3556000 -1524000 0 3 0
L 3479800 -1524000 228600 0 8 0 1 0 GND_RF_2
A 3708400 -1473200 203200 0 3 3 #=12
A 0 0 9 0 3 0 PINTYPE=BI
P 17 4064000 -1778000 3556000 -1778000 0 3 0
L 3479800 -1778000 228600 0 8 0 1 0 RF_IN
A 3708400 -1727200 203200 0 3 3 #=11
A 0 0 9 0 3 0 PINTYPE=BI
P 18 4064000 -2032000 3556000 -2032000 0 3 0
L 3479800 -2032000 228600 0 8 0 1 0 GND_RF_1
A 3708400 -1981200 203200 0 3 3 #=10
A 0 0 9 0 3 0 PINTYPE=BI
E
